Optimiser DataOutputFile 
Itn (U),FValue,w1,w2,w3,w4,w5,w6,w7,w8,w9
1, 0.101333, 0.300000, 0.490000, 1.540000, 1.270000, 2.310000, 1.790000, 4.740000, 3.320000, 5.250000
2, 0.167394, 0.350473, 0.624181, 1.541779, 1.260989, 2.168394, 1.659191, 4.740105, 3.315901, 5.258532
3, 0.271153, 0.430681, 0.817698, 1.530616, 1.259275, 2.011185, 1.506091, 4.736348, 3.311211, 5.271821
4, 0.435744, 0.751511, 1.591770, 1.485964, 1.252421, 1.382348, 0.893690, 4.721320, 3.292450, 5.324976
5, 0.486455, 1.015041, 2.316902, 1.638873, 1.171219, 1.495474, 0.876192, 4.562319, 3.237023, 5.357100
6, 0.519329, 1.227618, 2.566249, 1.813788, 1.177787, 1.328772, 0.969045, 4.302680, 3.200380, 5.382991
7, 0.562886, 1.291166, 2.587799, 1.884690, 1.280292, 1.181295, 1.166187, 3.782708, 3.171407, 5.401168
8, 0.615121, 1.107315, 2.297970, 1.808921, 1.388776, 1.081118, 1.347626, 2.944386, 3.137106, 5.397436
9, 0.410997, 0.471241, 1.015808, 1.342486, 1.522369, 0.927130, 1.419974, 0.775590, 3.026961, 5.369724
10, 0.632026, 1.043701, 2.169742, 1.762273, 1.402136, 1.065718, 1.354862, 2.727486, 3.126091, 5.394665
11, 0.456650, 0.906740, 1.182106, 1.385063, 1.517675, 1.207984, 1.340500, 1.399272, 2.994015, 5.378460
12, 0.654538, 1.015516, 1.966495, 1.684647, 1.425913, 1.094995, 1.351906, 2.454152, 3.098911, 5.391330
13, 0.669032, 1.022548, 1.653751, 1.576572, 1.501428, 1.271870, 1.315265, 2.306110, 3.059114, 5.370972
14, 0.666576, 1.053322, 1.741070, 1.610429, 1.480972, 1.285683, 1.271445, 2.550693, 3.048409, 5.361504
15, 0.669731, 1.030207, 1.675485, 1.584999, 1.496337, 1.275308, 1.304358, 2.366987, 3.056449, 5.368615
16, 0.671956, 1.080033, 1.734190, 1.617843, 1.463722, 1.222827, 1.279090, 2.492134, 3.021314, 5.359585
17, 0.683029, 1.178512, 1.682529, 1.650625, 1.438919, 1.215129, 1.289805, 2.600076, 2.899099, 5.322004
18, 0.458807, 3.072030, 0.434689, 2.192695, 1.006044, 1.142298, 1.534502, 4.288384, 0.534103, 4.577180
19, 0.703211, 1.399008, 1.537221, 1.713748, 1.388512, 1.206648, 1.318299, 2.796676, 2.623700, 5.235271
20, 0.725174, 2.189422, 1.185848, 1.860352, 1.253517, 1.324464, 1.413301, 3.128786, 1.675767, 4.951682
21, 0.735455, 2.121837, 1.309268, 1.803852, 1.238759, 1.233633, 1.363107, 3.071726, 1.668002, 4.964285
22, 0.733821, 2.222613, 1.303318, 1.762880, 1.216627, 1.182825, 1.388241, 3.000383, 1.390529, 4.907564
23, 0.738248, 2.164511, 1.306748, 1.786502, 1.229387, 1.212118, 1.373750, 3.041516, 1.550505, 4.940266
24, 0.748292, 1.984702, 1.400884, 1.683493, 1.273509, 1.141001, 1.438263, 2.789505, 1.669974, 4.978551
25, 0.753802, 2.008057, 1.369561, 1.616144, 1.272005, 1.130166, 1.489282, 2.725527, 1.701545, 4.963901
26, 0.768884, 2.271352, 1.241709, 1.333184, 1.240733, 1.103019, 1.706870, 2.545292, 1.777903, 4.861249
27, 0.764599, 2.134715, 1.308058, 1.480027, 1.256962, 1.117107, 1.593952, 2.638825, 1.738277, 4.914520
28, 0.778048, 2.311442, 1.304425, 1.226826, 1.244266, 1.088746, 1.774719, 2.433257, 1.846901, 4.844245
29, 0.784139, 2.252596, 1.396160, 1.227180, 1.236569, 1.092433, 1.769194, 2.408289, 1.889740, 4.851302
30, 0.789502, 2.286990, 1.516566, 1.098817, 1.199053, 1.055304, 1.801502, 2.316816, 1.992772, 4.817052
31, 0.792149, 2.293472, 1.580152, 1.086014, 1.150299, 0.986890, 1.705894, 2.321314, 2.036518, 4.798462
32, 0.795696, 2.387047, 1.597677, 1.022537, 1.112414, 0.946266, 1.685775, 2.270077, 2.080935, 4.753749
33, 0.807259, 2.636644, 1.573662, 1.025020, 1.044092, 0.905015, 1.582028, 2.197951, 2.141400, 4.650706
34, 0.819871, 2.942995, 1.568943, 1.085883, 0.953661, 0.875215, 1.431672, 2.103808, 2.221521, 4.509680
35, 0.828503, 3.121946, 1.604692, 1.211852, 0.906385, 0.877922, 1.291595, 2.044199, 2.255446, 4.393514
36, 0.828285, 3.252486, 1.647476, 1.359251, 0.947119, 0.835437, 1.283619, 2.011800, 2.249768, 4.246693
37, 0.830767, 3.189491, 1.626829, 1.288120, 0.927462, 0.855939, 1.287468, 2.027435, 2.252508, 4.317546
38, 0.832279, 3.150574, 1.639901, 1.269728, 0.949010, 0.868133, 1.300659, 2.018923, 2.240800, 4.319809
39, 0.837066, 3.233129, 1.680667, 1.274543, 0.997921, 0.867440, 1.280786, 1.952052, 2.239808, 4.206260
40, 0.844254, 3.359198, 1.758881, 1.261821, 1.167218, 0.838642, 1.300425, 1.854604, 2.214951, 3.958483
41, 0.841377, 3.785089, 1.921971, 1.301847, 1.536052, 0.730612, 1.139845, 1.636370, 2.187224, 3.289584
42, 0.847082, 3.534118, 1.825864, 1.278261, 1.318704, 0.794273, 1.234473, 1.764972, 2.203563, 3.683756
43, 0.848026, 3.635484, 1.857643, 1.230185, 1.375872, 0.764568, 1.165934, 1.732045, 2.206438, 3.535250
44, 0.848257, 3.688417, 1.883570, 1.220711, 1.425821, 0.751726, 1.121049, 1.698737, 2.191878, 3.422294
45, 0.839005, 4.117482, 2.101281, 1.145183, 1.856830, 0.667499, 0.787056, 1.371883, 2.028148, 2.438593
46, 0.849088, 3.786500, 1.933338, 1.203446, 1.524348, 0.732472, 1.044699, 1.624020, 2.154450, 3.197423
47, 0.849492, 3.841267, 1.961127, 1.193805, 1.579363, 0.721721, 1.002067, 1.582299, 2.133551, 3.071861
48, 0.846233, 4.023569, 2.053629, 1.161715, 1.762491, 0.685935, 0.860160, 1.443424, 2.063985, 2.653904
49, 0.849579, 3.870748, 1.976086, 1.188616, 1.608978, 0.715934, 0.979118, 1.559841, 2.122301, 3.004270
50, 0.848320, 3.971610, 2.027264, 1.170861, 1.710297, 0.696134, 0.900606, 1.483006, 2.083812, 2.773029
51, 0.849960, 4.003601, 2.063914, 1.148981, 1.800949, 0.709078, 0.841731, 1.381616, 2.011597, 2.566348
52, 0.848792, 3.702639, 1.956321, 1.186900, 1.610297, 0.804554, 1.012220, 1.512058, 2.031863, 3.040591
53, 0.853184, 3.859239, 2.012305, 1.167169, 1.709500, 0.754875, 0.923509, 1.444185, 2.021318, 2.793827
54, 0.854226, 3.928230, 2.070304, 1.162932, 1.803367, 0.759653, 0.868148, 1.392608, 1.987658, 2.609588
55, 0.854039, 3.960328, 2.118484, 1.151234, 1.855111, 0.779875, 0.838797, 1.363615, 1.966917, 2.504242
56, 0.854253, 3.934565, 2.079813, 1.160623, 1.813579, 0.763644, 0.862355, 1.386886, 1.983565, 2.588797
57, 0.853736, 3.991926, 2.198610, 1.127720, 1.901578, 0.830973, 0.814091, 1.336838, 1.948738, 2.395447
58, 0.854440, 3.946816, 2.105186, 1.153596, 1.832374, 0.778024, 0.852047, 1.376197, 1.976126, 2.547501
59, 0.852841, 4.033027, 2.291682, 1.102734, 1.925130, 0.892158, 0.794179, 1.313051, 1.944403, 2.305982
60, 0.854729, 3.962776, 2.139712, 1.144179, 1.849546, 0.799154, 0.841334, 1.364507, 1.970253, 2.502788
61, 0.853682, 4.061088, 2.365092, 1.099388, 1.922173, 0.941285, 0.785626, 1.292228, 1.944588, 2.260493
62, 0.855391, 3.988016, 2.197574, 1.132680, 1.868191, 0.835643, 0.827032, 1.345951, 1.963664, 2.440584
63, 0.856338, 4.073186, 2.416829, 1.110466, 1.901042, 0.975624, 0.786286, 1.274551, 1.941070, 2.244240
64, 0.862474, 4.034821, 2.416626, 1.148215, 1.833121, 0.982421, 0.841400, 1.308200, 1.944593, 2.347680
65, 0.861137, 4.048166, 2.443820, 1.125309, 1.815400, 0.997042, 0.819924, 1.290009, 1.940655, 2.323489
66, 0.862399, 4.036186, 2.419408, 1.145872, 1.831308, 0.983917, 0.839204, 1.306339, 1.944190, 2.345206
67, 0.862466, 4.034984, 2.416959, 1.147935, 1.832904, 0.982600, 0.841137, 1.307977, 1.944544, 2.347384
68, 0.862473, 4.034841, 2.416667, 1.148181, 1.833094, 0.982443, 0.841368, 1.308172, 1.944587, 2.347644
69, 0.862474, 4.034823, 2.416631, 1.148211, 1.833117, 0.982424, 0.841397, 1.308196, 1.944592, 2.347676
70, 0.862474, 4.034821, 2.416627, 1.148215, 1.833120, 0.982421, 0.841400, 1.308199, 1.944593, 2.347680
71, 0.862474, 4.034821, 2.416627, 1.148215, 1.833121, 0.982421, 0.841400, 1.308199, 1.944593, 2.347680
72, 0.862474, 4.034821, 2.416626, 1.148215, 1.833121, 0.982421, 0.841400, 1.308199, 1.944593, 2.347680
73, 0.862474, 4.034821, 2.416626, 1.148215, 1.833121, 0.982421, 0.841400, 1.308200, 1.944593, 2.347680
74, 0.862474, 4.034821, 2.416626, 1.148215, 1.833121, 0.982421, 0.841400, 1.308200, 1.944593, 2.347680
75, 0.862474, 4.034821, 2.416626, 1.148215, 1.833121, 0.982421, 0.841400, 1.308200, 1.944593, 2.347680
76, 0.862474, 4.034821, 2.416626, 1.148215, 1.833121, 0.982421, 0.841400, 1.308200, 1.944593, 2.347680
77, 0.862474, 4.034821, 2.416626, 1.148215, 1.833121, 0.982421, 0.841400, 1.308200, 1.944593, 2.347680
78, 0.862474, 4.034821, 2.416626, 1.148215, 1.833121, 0.982421, 0.841400, 1.308200, 1.944593, 2.347680
79, 0.862474, 4.034821, 2.416626, 1.148215, 1.833121, 0.982421, 0.841400, 1.308200, 1.944593, 2.347680
