 1.00000000e+00 -1.72215051e+03  1.07751289e-03 
 1.02329299e+00 -1.72215051e+03  1.10261139e-03 
 1.04712855e+00 -1.72215051e+03  1.12829451e-03 
 1.07151931e+00 -1.72215051e+03  1.15457586e-03 
 1.09647820e+00 -1.72215051e+03  1.18146939e-03 
 1.12201845e+00 -1.72215051e+03  1.20898935e-03 
 1.14815362e+00 -1.72215051e+03  1.23715033e-03 
 1.17489755e+00 -1.72215051e+03  1.26596726e-03 
 1.20226443e+00 -1.72215051e+03  1.29545543e-03 
 1.23026877e+00 -1.72215051e+03  1.32563046e-03 
 1.25892541e+00 -1.72215051e+03  1.35650836e-03 
 1.28824955e+00 -1.72215051e+03  1.38810550e-03 
 1.31825674e+00 -1.72215051e+03  1.42043863e-03 
 1.34896288e+00 -1.72215051e+03  1.45352489e-03 
 1.38038426e+00 -1.72215051e+03  1.48738184e-03 
 1.41253754e+00 -1.72215051e+03  1.52202741e-03 
 1.44543977e+00 -1.72215051e+03  1.55747998e-03 
 1.47910839e+00 -1.72215051e+03  1.59375835e-03 
 1.51356125e+00 -1.72215051e+03  1.63088176e-03 
 1.54881662e+00 -1.72215051e+03  1.66886987e-03 
 1.58489319e+00 -1.72215051e+03  1.70774284e-03 
 1.62181010e+00 -1.72215051e+03  1.74752129e-03 
 1.65958691e+00 -1.72215051e+03  1.78822628e-03 
 1.69824365e+00 -1.72215051e+03  1.82987943e-03 
 1.73780083e+00 -1.72215051e+03  1.87250279e-03 
 1.77827941e+00 -1.72215051e+03  1.91611899e-03 
 1.81970086e+00 -1.72215051e+03  1.96075113e-03 
 1.86208714e+00 -1.72215051e+03  2.00642289e-03 
 1.90546072e+00 -1.72215051e+03  2.05315849e-03 
 1.94984460e+00 -1.72215051e+03  2.10098269e-03 
 1.99526231e+00 -1.72215051e+03  2.14992086e-03 
 2.04173794e+00 -1.72215051e+03  2.19999895e-03 
 2.08929613e+00 -1.72215051e+03  2.25124351e-03 
 2.13796209e+00 -1.72215051e+03  2.30368171e-03 
 2.18776162e+00 -1.72215051e+03  2.35734135e-03 
 2.23872114e+00 -1.72215051e+03  2.41225088e-03 
 2.29086765e+00 -1.72215051e+03  2.46843943e-03 
 2.34422882e+00 -1.72215051e+03  2.52593677e-03 
 2.39883292e+00 -1.72215051e+03  2.58477339e-03 
 2.45470892e+00 -1.72215051e+03  2.64498050e-03 
 2.51188643e+00 -1.72215051e+03  2.70659001e-03 
 2.57039578e+00 -1.72215051e+03  2.76963459e-03 
 2.63026799e+00 -1.72215051e+03  2.83414767e-03 
 2.69153480e+00 -1.72215051e+03  2.90016345e-03 
 2.75422870e+00 -1.72215051e+03  2.96771693e-03 
 2.81838293e+00 -1.72215051e+03  3.03684394e-03 
 2.88403150e+00 -1.72215051e+03  3.10758112e-03 
 2.95120923e+00 -1.72215051e+03  3.17996598e-03 
 3.01995172e+00 -1.72215051e+03  3.25403691e-03 
 3.09029543e+00 -1.72215051e+03  3.32983316e-03 
 3.16227766e+00 -1.72215051e+03  3.40739494e-03 
 3.23593657e+00 -1.72215051e+03  3.48676336e-03 
 3.31131121e+00 -1.72215051e+03  3.56798052e-03 
 3.38844156e+00 -1.72215051e+03  3.65108946e-03 
 3.46736850e+00 -1.72215051e+03  3.73613426e-03 
 3.54813389e+00 -1.72215051e+03  3.82316000e-03 
 3.63078055e+00 -1.72215051e+03  3.91221284e-03 
 3.71535229e+00 -1.72215051e+03  4.00333998e-03 
 3.80189396e+00 -1.72215051e+03  4.09658975e-03 
 3.89045145e+00 -1.72215051e+03  4.19201159e-03 
 3.98107171e+00 -1.72215051e+03  4.28965608e-03 
 4.07380278e+00 -1.72215051e+03  4.38957500e-03 
 4.16869383e+00 -1.72215051e+03  4.49182134e-03 
 4.26579519e+00 -1.72215051e+03  4.59644930e-03 
 4.36515832e+00 -1.72215051e+03  4.70351436e-03 
 4.46683592e+00 -1.72215051e+03  4.81307328e-03 
 4.57088190e+00 -1.72215051e+03  4.92518416e-03 
 4.67735141e+00 -1.72215051e+03  5.03990644e-03 
 4.78630092e+00 -1.72215051e+03  5.15730094e-03 
 4.89778819e+00 -1.72215051e+03  5.27742991e-03 
 5.01187234e+00 -1.72215051e+03  5.40035705e-03 
 5.12861384e+00 -1.72215051e+03  5.52614752e-03 
 5.24807460e+00 -1.72215051e+03  5.65486803e-03 
 5.37031796e+00 -1.72215051e+03  5.78658683e-03 
 5.49540874e+00 -1.72215051e+03  5.92137375e-03 
 5.62341325e+00 -1.72215051e+03  6.05930026e-03 
 5.75439937e+00 -1.72215051e+03  6.20043950e-03 
 5.88843655e+00 -1.72215051e+03  6.34486629e-03 
 6.02559586e+00 -1.72215051e+03  6.49265721e-03 
 6.16595002e+00 -1.72215051e+03  6.64389062e-03 
 6.30957344e+00 -1.72215051e+03  6.79864672e-03 
 6.45654229e+00 -1.72215051e+03  6.95700754e-03 
 6.60693448e+00 -1.72215051e+03  7.11905707e-03 
 6.76082975e+00 -1.72215051e+03  7.28488121e-03 
 6.91830971e+00 -1.72215051e+03  7.45456789e-03 
 7.07945784e+00 -1.72215051e+03  7.62820708e-03 
 7.24435960e+00 -1.72215051e+03  7.80589085e-03 
 7.41310241e+00 -1.72215051e+03  7.98771340e-03 
 7.58577575e+00 -1.72215051e+03  8.17377115e-03 
 7.76247117e+00 -1.72215051e+03  8.36416274e-03 
 7.94328235e+00 -1.72215051e+03  8.55898912e-03 
 8.12830516e+00 -1.72215051e+03  8.75835359e-03 
 8.31763771e+00 -1.72215051e+03  8.96236185e-03 
 8.51138038e+00 -1.72215051e+03  9.17112207e-03 
 8.70963590e+00 -1.72215051e+03  9.38474495e-03 
 8.91250938e+00 -1.72215051e+03  9.60334374e-03 
 9.12010839e+00 -1.72215051e+03  9.82703435e-03 
 9.33254301e+00 -1.72215051e+03  1.00559354e-02 
 9.54992586e+00 -1.72215051e+03  1.02901682e-02 
 9.77237221e+00 -1.72215051e+03  1.05298570e-02 
 1.00000000e+01 -1.72215051e+03  1.07751289e-02 
 1.02329299e+01 -1.72215051e+03  1.10261139e-02 
 1.04712855e+01 -1.72215051e+03  1.12829451e-02 
 1.07151931e+01 -1.72215051e+03  1.15457586e-02 
 1.09647820e+01 -1.72215051e+03  1.18146939e-02 
 1.12201845e+01 -1.72215051e+03  1.20898935e-02 
 1.14815362e+01 -1.72215051e+03  1.23715033e-02 
 1.17489755e+01 -1.72215051e+03  1.26596726e-02 
 1.20226443e+01 -1.72215051e+03  1.29545543e-02 
 1.23026877e+01 -1.72215051e+03  1.32563046e-02 
 1.25892541e+01 -1.72215051e+03  1.35650836e-02 
 1.28824955e+01 -1.72215051e+03  1.38810550e-02 
 1.31825674e+01 -1.72215051e+03  1.42043863e-02 
 1.34896288e+01 -1.72215051e+03  1.45352489e-02 
 1.38038426e+01 -1.72215051e+03  1.48738184e-02 
 1.41253754e+01 -1.72215051e+03  1.52202741e-02 
 1.44543977e+01 -1.72215051e+03  1.55747998e-02 
 1.47910839e+01 -1.72215051e+03  1.59375835e-02 
 1.51356125e+01 -1.72215051e+03  1.63088175e-02 
 1.54881662e+01 -1.72215051e+03  1.66886987e-02 
 1.58489319e+01 -1.72215051e+03  1.70774284e-02 
 1.62181010e+01 -1.72215051e+03  1.74752128e-02 
 1.65958691e+01 -1.72215051e+03  1.78822628e-02 
 1.69824365e+01 -1.72215051e+03  1.82987943e-02 
 1.73780083e+01 -1.72215051e+03  1.87250279e-02 
 1.77827941e+01 -1.72215051e+03  1.91611899e-02 
 1.81970086e+01 -1.72215051e+03  1.96075113e-02 
 1.86208714e+01 -1.72215051e+03  2.00642289e-02 
 1.90546072e+01 -1.72215051e+03  2.05315848e-02 
 1.94984460e+01 -1.72215051e+03  2.10098269e-02 
 1.99526231e+01 -1.72215051e+03  2.14992086e-02 
 2.04173794e+01 -1.72215051e+03  2.19999895e-02 
 2.08929613e+01 -1.72215051e+03  2.25124351e-02 
 2.13796209e+01 -1.72215051e+03  2.30368171e-02 
 2.18776162e+01 -1.72215051e+03  2.35734135e-02 
 2.23872114e+01 -1.72215051e+03  2.41225088e-02 
 2.29086765e+01 -1.72215051e+03  2.46843942e-02 
 2.34422882e+01 -1.72215051e+03  2.52593677e-02 
 2.39883292e+01 -1.72215051e+03  2.58477339e-02 
 2.45470892e+01 -1.72215051e+03  2.64498050e-02 
 2.51188643e+01 -1.72215051e+03  2.70659001e-02 
 2.57039578e+01 -1.72215051e+03  2.76963459e-02 
 2.63026799e+01 -1.72215051e+03  2.83414766e-02 
 2.69153480e+01 -1.72215051e+03  2.90016344e-02 
 2.75422870e+01 -1.72215051e+03  2.96771693e-02 
 2.81838293e+01 -1.72215051e+03  3.03684394e-02 
 2.88403150e+01 -1.72215051e+03  3.10758112e-02 
 2.95120923e+01 -1.72215051e+03  3.17996598e-02 
 3.01995172e+01 -1.72215051e+03  3.25403690e-02 
 3.09029543e+01 -1.72215051e+03  3.32983316e-02 
 3.16227766e+01 -1.72215051e+03  3.40739494e-02 
 3.23593657e+01 -1.72215051e+03  3.48676336e-02 
 3.31131121e+01 -1.72215051e+03  3.56798052e-02 
 3.38844156e+01 -1.72215051e+03  3.65108946e-02 
 3.46736850e+01 -1.72215051e+03  3.73613426e-02 
 3.54813389e+01 -1.72215051e+03  3.82316000e-02 
 3.63078055e+01 -1.72215051e+03  3.91221284e-02 
 3.71535229e+01 -1.72215051e+03  4.00333998e-02 
 3.80189396e+01 -1.72215051e+03  4.09658975e-02 
 3.89045145e+01 -1.72215051e+03  4.19201158e-02 
 3.98107171e+01 -1.72215051e+03  4.28965608e-02 
 4.07380278e+01 -1.72215051e+03  4.38957500e-02 
 4.16869383e+01 -1.72215051e+03  4.49182134e-02 
 4.26579519e+01 -1.72215051e+03  4.59644930e-02 
 4.36515832e+01 -1.72215051e+03  4.70351436e-02 
 4.46683592e+01 -1.72215051e+03  4.81307328e-02 
 4.57088190e+01 -1.72215051e+03  4.92518416e-02 
 4.67735141e+01 -1.72215051e+03  5.03990643e-02 
 4.78630092e+01 -1.72215051e+03  5.15730094e-02 
 4.89778819e+01 -1.72215051e+03  5.27742991e-02 
 5.01187234e+01 -1.72215051e+03  5.40035704e-02 
 5.12861384e+01 -1.72215051e+03  5.52614752e-02 
 5.24807460e+01 -1.72215051e+03  5.65486803e-02 
 5.37031796e+01 -1.72215051e+03  5.78658682e-02 
 5.49540874e+01 -1.72215051e+03  5.92137375e-02 
 5.62341325e+01 -1.72215051e+03  6.05930026e-02 
 5.75439937e+01 -1.72215051e+03  6.20043949e-02 
 5.88843655e+01 -1.72215051e+03  6.34486628e-02 
 6.02559586e+01 -1.72215051e+03  6.49265720e-02 
 6.16595002e+01 -1.72215051e+03  6.64389062e-02 
 6.30957344e+01 -1.72215051e+03  6.79864671e-02 
 6.45654229e+01 -1.72215051e+03  6.95700753e-02 
 6.60693448e+01 -1.72215051e+03  7.11905706e-02 
 6.76082975e+01 -1.72215051e+03  7.28488120e-02 
 6.91830971e+01 -1.72215051e+03  7.45456788e-02 
 7.07945784e+01 -1.72215051e+03  7.62820707e-02 
 7.24435960e+01 -1.72215051e+03  7.80589084e-02 
 7.41310241e+01 -1.72215051e+03  7.98771339e-02 
 7.58577575e+01 -1.72215051e+03  8.17377114e-02 
 7.76247117e+01 -1.72215051e+03  8.36416272e-02 
 7.94328235e+01 -1.72215051e+03  8.55898910e-02 
 8.12830516e+01 -1.72215051e+03  8.75835357e-02 
 8.31763771e+01 -1.72215051e+03  8.96236183e-02 
 8.51138038e+01 -1.72215051e+03  9.17112205e-02 
 8.70963590e+01 -1.72215051e+03  9.38474493e-02 
 8.91250938e+01 -1.72215051e+03  9.60334372e-02 
 9.12010839e+01 -1.72215051e+03  9.82703433e-02 
 9.33254301e+01 -1.72215050e+03  1.00559354e-01 
 9.54992586e+01 -1.72215050e+03  1.02901682e-01 
 9.77237221e+01 -1.72215050e+03  1.05298570e-01 
 1.00000000e+02 -1.72215050e+03  1.07751289e-01 
 1.02329299e+02 -1.72215050e+03  1.10261139e-01 
 1.04712855e+02 -1.72215050e+03  1.12829450e-01 
 1.07151931e+02 -1.72215050e+03  1.15457586e-01 
 1.09647820e+02 -1.72215050e+03  1.18146939e-01 
 1.12201845e+02 -1.72215050e+03  1.20898934e-01 
 1.14815362e+02 -1.72215050e+03  1.23715032e-01 
 1.17489755e+02 -1.72215050e+03  1.26596725e-01 
 1.20226443e+02 -1.72215050e+03  1.29545542e-01 
 1.23026877e+02 -1.72215050e+03  1.32563045e-01 
 1.25892541e+02 -1.72215050e+03  1.35650835e-01 
 1.28824955e+02 -1.72215050e+03  1.38810549e-01 
 1.31825674e+02 -1.72215050e+03  1.42043862e-01 
 1.34896288e+02 -1.72215050e+03  1.45352489e-01 
 1.38038426e+02 -1.72215050e+03  1.48738183e-01 
 1.41253754e+02 -1.72215050e+03  1.52202740e-01 
 1.44543977e+02 -1.72215050e+03  1.55747997e-01 
 1.47910839e+02 -1.72215050e+03  1.59375834e-01 
 1.51356125e+02 -1.72215049e+03  1.63088174e-01 
 1.54881662e+02 -1.72215049e+03  1.66886986e-01 
 1.58489319e+02 -1.72215049e+03  1.70774283e-01 
 1.62181010e+02 -1.72215049e+03  1.74752127e-01 
 1.65958691e+02 -1.72215049e+03  1.78822627e-01 
 1.69824365e+02 -1.72215049e+03  1.82987941e-01 
 1.73780083e+02 -1.72215049e+03  1.87250278e-01 
 1.77827941e+02 -1.72215049e+03  1.91611897e-01 
 1.81970086e+02 -1.72215049e+03  1.96075111e-01 
 1.86208714e+02 -1.72215049e+03  2.00642287e-01 
 1.90546072e+02 -1.72215049e+03  2.05315846e-01 
 1.94984460e+02 -1.72215048e+03  2.10098266e-01 
 1.99526231e+02 -1.72215048e+03  2.14992084e-01 
 2.04173794e+02 -1.72215048e+03  2.19999892e-01 
 2.08929613e+02 -1.72215048e+03  2.25124348e-01 
 2.13796209e+02 -1.72215048e+03  2.30368168e-01 
 2.18776162e+02 -1.72215048e+03  2.35734131e-01 
 2.23872114e+02 -1.72215048e+03  2.41225085e-01 
 2.29086765e+02 -1.72215047e+03  2.46843938e-01 
 2.34422882e+02 -1.72215047e+03  2.52593672e-01 
 2.39883292e+02 -1.72215047e+03  2.58477334e-01 
 2.45470892e+02 -1.72215047e+03  2.64498045e-01 
 2.51188643e+02 -1.72215047e+03  2.70658995e-01 
 2.57039578e+02 -1.72215047e+03  2.76963453e-01 
 2.63026799e+02 -1.72215046e+03  2.83414760e-01 
 2.69153480e+02 -1.72215046e+03  2.90016338e-01 
 2.75422870e+02 -1.72215046e+03  2.96771686e-01 
 2.81838293e+02 -1.72215046e+03  3.03684386e-01 
 2.88403150e+02 -1.72215045e+03  3.10758104e-01 
 2.95120923e+02 -1.72215045e+03  3.17996590e-01 
 3.01995172e+02 -1.72215045e+03  3.25403681e-01 
 3.09029543e+02 -1.72215044e+03  3.32983306e-01 
 3.16227766e+02 -1.72215044e+03  3.40739483e-01 
 3.23593657e+02 -1.72215044e+03  3.48676325e-01 
 3.31131121e+02 -1.72215044e+03  3.56798039e-01 
 3.38844156e+02 -1.72215043e+03  3.65108933e-01 
 3.46736850e+02 -1.72215043e+03  3.73613412e-01 
 3.54813389e+02 -1.72215042e+03  3.82315985e-01 
 3.63078055e+02 -1.72215042e+03  3.91221268e-01 
 3.71535229e+02 -1.72215042e+03  4.00333981e-01 
 3.80189396e+02 -1.72215041e+03  4.09658956e-01 
 3.89045145e+02 -1.72215041e+03  4.19201138e-01 
 3.98107171e+02 -1.72215040e+03  4.28965586e-01 
 4.07380278e+02 -1.72215040e+03  4.38957477e-01 
 4.16869383e+02 -1.72215039e+03  4.49182109e-01 
 4.26579519e+02 -1.72215039e+03  4.59644904e-01 
 4.36515832e+02 -1.72215038e+03  4.70351408e-01 
 4.46683592e+02 -1.72215037e+03  4.81307298e-01 
 4.57088190e+02 -1.72215037e+03  4.92518384e-01 
 4.67735141e+02 -1.72215036e+03  5.03990609e-01 
 4.78630092e+02 -1.72215035e+03  5.15730057e-01 
 4.89778819e+02 -1.72215035e+03  5.27742951e-01 
 5.01187234e+02 -1.72215034e+03  5.40035662e-01 
 5.12861384e+02 -1.72215033e+03  5.52614706e-01 
 5.24807460e+02 -1.72215032e+03  5.65486754e-01 
 5.37031796e+02 -1.72215031e+03  5.78658630e-01 
 5.49540874e+02 -1.72215030e+03  5.92137319e-01 
 5.62341325e+02 -1.72215029e+03  6.05929966e-01 
 5.75439937e+02 -1.72215028e+03  6.20043885e-01 
 5.88843655e+02 -1.72215027e+03  6.34486559e-01 
 6.02559586e+02 -1.72215026e+03  6.49265646e-01 
 6.16595002e+02 -1.72215025e+03  6.64388982e-01 
 6.30957344e+02 -1.72215024e+03  6.79864586e-01 
 6.45654229e+02 -1.72215022e+03  6.95700662e-01 
 6.60693448e+02 -1.72215021e+03  7.11905608e-01 
 6.76082975e+02 -1.72215020e+03  7.28488015e-01 
 6.91830971e+02 -1.72215018e+03  7.45456676e-01 
 7.07945784e+02 -1.72215017e+03  7.62820587e-01 
 7.24435960e+02 -1.72215015e+03  7.80588955e-01 
 7.41310241e+02 -1.72215013e+03  7.98771202e-01 
 7.58577575e+02 -1.72215011e+03  8.17376966e-01 
 7.76247117e+02 -1.72215010e+03  8.36416115e-01 
 7.94328235e+02 -1.72215008e+03  8.55898741e-01 
 8.12830516e+02 -1.72215006e+03  8.75835175e-01 
 8.31763771e+02 -1.72215003e+03  8.96235989e-01 
 8.51138038e+02 -1.72215001e+03  9.17111997e-01 
 8.70963590e+02 -1.72214999e+03  9.38474270e-01 
 8.91250938e+02 -1.72214996e+03  9.60334133e-01 
 9.12010839e+02 -1.72214994e+03  9.82703177e-01 
 9.33254301e+02 -1.72214991e+03  1.00559326e+00 
 9.54992586e+02 -1.72214988e+03  1.02901652e+00 
 9.77237221e+02 -1.72214985e+03  1.05298538e+00 
 1.00000000e+03 -1.72214982e+03  1.07751255e+00 
 1.02329299e+03 -1.72214979e+03  1.10261102e+00 
 1.04712855e+03 -1.72214975e+03  1.12829412e+00 
 1.07151931e+03 -1.72214972e+03  1.15457544e+00 
 1.09647820e+03 -1.72214968e+03  1.18146894e+00 
 1.12201845e+03 -1.72214964e+03  1.20898887e+00 
 1.14815362e+03 -1.72214960e+03  1.23714981e+00 
 1.17489755e+03 -1.72214956e+03  1.26596671e+00 
 1.20226443e+03 -1.72214951e+03  1.29545483e+00 
 1.23026877e+03 -1.72214947e+03  1.32562982e+00 
 1.25892541e+03 -1.72214942e+03  1.35650768e+00 
 1.28824955e+03 -1.72214937e+03  1.38810477e+00 
 1.31825674e+03 -1.72214931e+03  1.42043785e+00 
 1.34896288e+03 -1.72214926e+03  1.45352406e+00 
 1.38038426e+03 -1.72214920e+03  1.48738094e+00 
 1.41253754e+03 -1.72214913e+03  1.52202645e+00 
 1.44543977e+03 -1.72214907e+03  1.55747895e+00 
 1.47910839e+03 -1.72214900e+03  1.59375725e+00 
 1.51356125e+03 -1.72214893e+03  1.63088057e+00 
 1.54881662e+03 -1.72214886e+03  1.66886860e+00 
 1.58489319e+03 -1.72214878e+03  1.70774149e+00 
 1.62181010e+03 -1.72214870e+03  1.74751983e+00 
 1.65958691e+03 -1.72214861e+03  1.78822473e+00 
 1.69824365e+03 -1.72214852e+03  1.82987776e+00 
 1.73780083e+03 -1.72214843e+03  1.87250100e+00 
 1.77827941e+03 -1.72214833e+03  1.91611707e+00 
 1.81970086e+03 -1.72214823e+03  1.96074908e+00 
 1.86208714e+03 -1.72214812e+03  2.00642069e+00 
 1.90546072e+03 -1.72214801e+03  2.05315613e+00 
 1.94984460e+03 -1.72214789e+03  2.10098016e+00 
 1.99526231e+03 -1.72214776e+03  2.14991815e+00 
 2.04173794e+03 -1.72214764e+03  2.19999605e+00 
 2.08929613e+03 -1.72214750e+03  2.25124040e+00 
 2.13796209e+03 -1.72214736e+03  2.30367838e+00 
 2.18776162e+03 -1.72214721e+03  2.35733778e+00 
 2.23872114e+03 -1.72214705e+03  2.41224706e+00 
 2.29086765e+03 -1.72214689e+03  2.46843533e+00 
 2.34422882e+03 -1.72214672e+03  2.52593237e+00 
 2.39883292e+03 -1.72214654e+03  2.58476868e+00 
 2.45470892e+03 -1.72214635e+03  2.64497545e+00 
 2.51188643e+03 -1.72214616e+03  2.70658460e+00 
 2.57039578e+03 -1.72214595e+03  2.76962880e+00 
 2.63026799e+03 -1.72214574e+03  2.83414146e+00 
 2.69153480e+03 -1.72214551e+03  2.90015680e+00 
 2.75422870e+03 -1.72214528e+03  2.96770981e+00 
 2.81838293e+03 -1.72214503e+03  3.03683630e+00 
 2.88403150e+03 -1.72214477e+03  3.10757294e+00 
 2.95120923e+03 -1.72214450e+03  3.17995722e+00 
 3.01995172e+03 -1.72214422e+03  3.25402751e+00 
 3.09029543e+03 -1.72214392e+03  3.32982310e+00 
 3.16227766e+03 -1.72214361e+03  3.40738416e+00 
 3.23593657e+03 -1.72214329e+03  3.48675181e+00 
 3.31131121e+03 -1.72214295e+03  3.56796814e+00 
 3.38844156e+03 -1.72214259e+03  3.65107619e+00 
 3.46736850e+03 -1.72214222e+03  3.73612004e+00 
 3.54813389e+03 -1.72214183e+03  3.82314477e+00 
 3.63078055e+03 -1.72214142e+03  3.91219652e+00 
 3.71535229e+03 -1.72214099e+03  4.00332250e+00 
 3.80189396e+03 -1.72214054e+03  4.09657101e+00 
 3.89045145e+03 -1.72214007e+03  4.19199151e+00 
 3.98107171e+03 -1.72213958e+03  4.28963456e+00 
 4.07380278e+03 -1.72213906e+03  4.38955195e+00 
 4.16869383e+03 -1.72213852e+03  4.49179664e+00 
 4.26579519e+03 -1.72213796e+03  4.59642283e+00 
 4.36515832e+03 -1.72213737e+03  4.70348600e+00 
 4.46683592e+03 -1.72213675e+03  4.81304289e+00 
 4.57088190e+03 -1.72213610e+03  4.92515160e+00 
 4.67735141e+03 -1.72213542e+03  5.03987155e+00 
 4.78630092e+03 -1.72213471e+03  5.15726355e+00 
 4.89778819e+03 -1.72213396e+03  5.27738985e+00 
 5.01187234e+03 -1.72213318e+03  5.40031412e+00 
 5.12861384e+03 -1.72213237e+03  5.52610152e+00 
 5.24807460e+03 -1.72213151e+03  5.65481874e+00 
 5.37031796e+03 -1.72213062e+03  5.78653402e+00 
 5.49540874e+03 -1.72212968e+03  5.92131716e+00 
 5.62341325e+03 -1.72212870e+03  6.05923963e+00 
 5.75439937e+03 -1.72212767e+03  6.20037452e+00 
 5.88843655e+03 -1.72212659e+03  6.34479667e+00 
 6.02559586e+03 -1.72212547e+03  6.49258261e+00 
 6.16595002e+03 -1.72212429e+03  6.64381069e+00 
 6.30957344e+03 -1.72212305e+03  6.79856106e+00 
 6.45654229e+03 -1.72212176e+03  6.95691576e+00 
 6.60693448e+03 -1.72212040e+03  7.11895872e+00 
 6.76082975e+03 -1.72211898e+03  7.28477583e+00 
 6.91830971e+03 -1.72211750e+03  7.45445498e+00 
 7.07945784e+03 -1.72211594e+03  7.62808609e+00 
 7.24435960e+03 -1.72211431e+03  7.80576121e+00 
 7.41310241e+03 -1.72211260e+03  7.98757449e+00 
 7.58577575e+03 -1.72211082e+03  8.17362231e+00 
 7.76247117e+03 -1.72210895e+03  8.36400325e+00 
 7.94328235e+03 -1.72210699e+03  8.55881822e+00 
 8.12830516e+03 -1.72210494e+03  8.75817046e+00 
 8.31763771e+03 -1.72210279e+03  8.96216563e+00 
 8.51138038e+03 -1.72210054e+03  9.17091182e+00 
 8.70963590e+03 -1.72209819e+03  9.38451966e+00 
 8.91250938e+03 -1.72209572e+03  9.60310234e+00 
 9.12010839e+03 -1.72209314e+03  9.82677569e+00 
 9.33254301e+03 -1.72209043e+03  1.00556582e+01 
 9.54992586e+03 -1.72208760e+03  1.02898712e+01 
 9.77237221e+03 -1.72208464e+03  1.05295388e+01 
 1.00000000e+04 -1.72208153e+03  1.07747879e+01 
 1.02329299e+04 -1.72207828e+03  1.10257485e+01 
 1.04712855e+04 -1.72207488e+03  1.12825536e+01 
 1.07151931e+04 -1.72207131e+03  1.15453391e+01 
 1.09647820e+04 -1.72206758e+03  1.18142444e+01 
 1.12201845e+04 -1.72206367e+03  1.20894118e+01 
 1.14815362e+04 -1.72205958e+03  1.23709872e+01 
 1.17489755e+04 -1.72205530e+03  1.26591196e+01 
 1.20226443e+04 -1.72205081e+03  1.29539617e+01 
 1.23026877e+04 -1.72204611e+03  1.32556697e+01 
 1.25892541e+04 -1.72204119e+03  1.35644032e+01 
 1.28824955e+04 -1.72203604e+03  1.38803260e+01 
 1.31825674e+04 -1.72203064e+03  1.42036051e+01 
 1.34896288e+04 -1.72202499e+03  1.45344119e+01 
 1.38038426e+04 -1.72201908e+03  1.48729215e+01 
 1.41253754e+04 -1.72201289e+03  1.52193131e+01 
 1.44543977e+04 -1.72200640e+03  1.55737701e+01 
 1.47910839e+04 -1.72199961e+03  1.59364802e+01 
 1.51356125e+04 -1.72199250e+03  1.63076353e+01 
 1.54881662e+04 -1.72198505e+03  1.66874319e+01 
 1.58489319e+04 -1.72197725e+03  1.70760710e+01 
 1.62181010e+04 -1.72196909e+03  1.74737583e+01 
 1.65958691e+04 -1.72196054e+03  1.78807043e+01 
 1.69824365e+04 -1.72195159e+03  1.82971243e+01 
 1.73780083e+04 -1.72194221e+03  1.87232385e+01 
 1.77827941e+04 -1.72193240e+03  1.91592725e+01 
 1.81970086e+04 -1.72192212e+03  1.96054568e+01 
 1.86208714e+04 -1.72191135e+03  2.00620275e+01 
 1.90546072e+04 -1.72190008e+03  2.05292260e+01 
 1.94984460e+04 -1.72188828e+03  2.10072993e+01 
 1.99526231e+04 -1.72187593e+03  2.14965003e+01 
 2.04173794e+04 -1.72186299e+03  2.19970875e+01 
 2.08929613e+04 -1.72184944e+03  2.25093256e+01 
 2.13796209e+04 -1.72183525e+03  2.30334851e+01 
 2.18776162e+04 -1.72182039e+03  2.35698433e+01 
 2.23872114e+04 -1.72180484e+03  2.41186833e+01 
 2.29086765e+04 -1.72178855e+03  2.46802951e+01 
 2.34422882e+04 -1.72177149e+03  2.52549754e+01 
 2.39883292e+04 -1.72175363e+03  2.58430275e+01 
 2.45470892e+04 -1.72173493e+03  2.64447620e+01 
 2.51188643e+04 -1.72171535e+03  2.70604965e+01 
 2.57039578e+04 -1.72169484e+03  2.76905559e+01 
 2.63026799e+04 -1.72167337e+03  2.83352726e+01 
 2.69153480e+04 -1.72165089e+03  2.89949867e+01 
 2.75422870e+04 -1.72162735e+03  2.96700462e+01 
 2.81838293e+04 -1.72160269e+03  3.03608069e+01 
 2.88403150e+04 -1.72157688e+03  3.10676329e+01 
 2.95120923e+04 -1.72154985e+03  3.17908967e+01 
 3.01995172e+04 -1.72152155e+03  3.25309793e+01 
 3.09029543e+04 -1.72149192e+03  3.32882705e+01 
 3.16227766e+04 -1.72146089e+03  3.40631688e+01 
 3.23593657e+04 -1.72142839e+03  3.48560821e+01 
 3.31131121e+04 -1.72139437e+03  3.56674276e+01 
 3.38844156e+04 -1.72135874e+03  3.64976320e+01 
 3.46736850e+04 -1.72132144e+03  3.73471316e+01 
 3.54813389e+04 -1.72128238e+03  3.82163729e+01 
 3.63078055e+04 -1.72124148e+03  3.91058125e+01 
 3.71535229e+04 -1.72119865e+03  4.00159172e+01 
 3.80189396e+04 -1.72115381e+03  4.09471649e+01 
 3.89045145e+04 -1.72110685e+03  4.19000438e+01 
 3.98107171e+04 -1.72105769e+03  4.28750535e+01 
 4.07380278e+04 -1.72100621e+03  4.38727050e+01 
 4.16869383e+04 -1.72095230e+03  4.48935206e+01 
 4.26579519e+04 -1.72089585e+03  4.59380347e+01 
 4.36515832e+04 -1.72083675e+03  4.70067936e+01 
 4.46683592e+04 -1.72077487e+03  4.81003558e+01 
 4.57088190e+04 -1.72071007e+03  4.92192928e+01 
 4.67735141e+04 -1.72064222e+03  5.03641885e+01 
 4.78630092e+04 -1.72057118e+03  5.15356401e+01 
 4.89778819e+04 -1.72049679e+03  5.27342581e+01 
 5.01187234e+04 -1.72041890e+03  5.39606669e+01 
 5.12861384e+04 -1.72033734e+03  5.52155045e+01 
 5.24807460e+04 -1.72025195e+03  5.64994232e+01 
 5.37031796e+04 -1.72016254e+03  5.78130899e+01 
 5.49540874e+04 -1.72006892e+03  5.91571862e+01 
 5.62341325e+04 -1.71997089e+03  6.05324088e+01 
 5.75439937e+04 -1.71986825e+03  6.19394698e+01 
 5.88843655e+04 -1.71976079e+03  6.33790967e+01 
 6.02559586e+04 -1.71964826e+03  6.48520334e+01 
 6.16595002e+04 -1.71953045e+03  6.63590398e+01 
 6.30957344e+04 -1.71940709e+03  6.79008922e+01 
 6.45654229e+04 -1.71927793e+03  6.94783841e+01 
 6.60693448e+04 -1.71914270e+03  7.10923261e+01 
 6.76082975e+04 -1.71900110e+03  7.27435461e+01 
 6.91830971e+04 -1.71885285e+03  7.44328900e+01 
 7.07945784e+04 -1.71869763e+03  7.61612216e+01 
 7.24435960e+04 -1.71853511e+03  7.79294232e+01 
 7.41310241e+04 -1.71836495e+03  7.97383959e+01 
 7.58577575e+04 -1.71818680e+03  8.15890598e+01 
 7.76247117e+04 -1.71800027e+03  8.34823541e+01 
 7.94328235e+04 -1.71780498e+03  8.54192379e+01 
 8.12830516e+04 -1.71760052e+03  8.74006901e+01 
 8.31763771e+04 -1.71738645e+03  8.94277097e+01 
 8.51138038e+04 -1.71716233e+03  9.15013164e+01 
 8.70963590e+04 -1.71692768e+03  9.36225505e+01 
 8.91250938e+04 -1.71668202e+03  9.57924736e+01 
 9.12010839e+04 -1.71642483e+03  9.80121683e+01 
 9.33254301e+04 -1.71615557e+03  1.00282739e+02 
 9.54992586e+04 -1.71587367e+03  1.02605312e+02 
 9.77237221e+04 -1.71557855e+03  1.04981035e+02 
 1.00000000e+05 -1.71526959e+03  1.07411079e+02 
 1.02329299e+05 -1.71494614e+03  1.09896637e+02 
 1.04712855e+05 -1.71460753e+03  1.12438924e+02 
 1.07151931e+05 -1.71425305e+03  1.15039179e+02 
 1.09647820e+05 -1.71388196e+03  1.17698663e+02 
 1.12201845e+05 -1.71349348e+03  1.20418661e+02 
 1.14815362e+05 -1.71308682e+03  1.23200480e+02 
 1.17489755e+05 -1.71266111e+03  1.26045451e+02 
 1.20226443e+05 -1.71221549e+03  1.28954929e+02 
 1.23026877e+05 -1.71174901e+03  1.31930291e+02 
 1.25892541e+05 -1.71126072e+03  1.34972937e+02 
 1.28824955e+05 -1.71074960e+03  1.38084293e+02 
 1.31825674e+05 -1.71021460e+03  1.41265804e+02 
 1.34896288e+05 -1.70965460e+03  1.44518940e+02 
 1.38038426e+05 -1.70906845e+03  1.47845195e+02 
 1.41253754e+05 -1.70845495e+03  1.51246083e+02 
 1.44543977e+05 -1.70781282e+03  1.54723142e+02 
 1.47910839e+05 -1.70714075e+03  1.58277929e+02 
 1.51356125e+05 -1.70643735e+03  1.61912025e+02 
 1.54881662e+05 -1.70570119e+03  1.65627030e+02 
 1.58489319e+05 -1.70493075e+03  1.69424566e+02 
 1.62181010e+05 -1.70412447e+03  1.73306270e+02 
 1.65958691e+05 -1.70328069e+03  1.77273802e+02 
 1.69824365e+05 -1.70239769e+03  1.81328838e+02 
 1.73780083e+05 -1.70147369e+03  1.85473068e+02 
 1.77827941e+05 -1.70050680e+03  1.89708202e+02 
 1.81970086e+05 -1.69949507e+03  1.94035960e+02 
 1.86208714e+05 -1.69843646e+03  1.98458075e+02 
 1.90546072e+05 -1.69732882e+03  2.02976294e+02 
 1.94984460e+05 -1.69616994e+03  2.07592370e+02 
 1.99526231e+05 -1.69495749e+03  2.12308064e+02 
 2.04173794e+05 -1.69368904e+03  2.17125144e+02 
 2.08929613e+05 -1.69236207e+03  2.22045379e+02 
 2.13796209e+05 -1.69097393e+03  2.27070539e+02 
 2.18776162e+05 -1.68952187e+03  2.32202392e+02 
 2.23872114e+05 -1.68800303e+03  2.37442701e+02 
 2.29086765e+05 -1.68641441e+03  2.42793219e+02 
 2.34422882e+05 -1.68475290e+03  2.48255690e+02 
 2.39883292e+05 -1.68301524e+03  2.53831839e+02 
 2.45470892e+05 -1.68119806e+03  2.59523374e+02 
 2.51188643e+05 -1.67929782e+03  2.65331978e+02 
 2.57039578e+05 -1.67731086e+03  2.71259303e+02 
 2.63026799e+05 -1.67523336e+03  2.77306971e+02 
 2.69153480e+05 -1.67306135e+03  2.83476562e+02 
 2.75422870e+05 -1.67079069e+03  2.89769610e+02 
 2.81838293e+05 -1.66841708e+03  2.96187600e+02 
 2.88403150e+05 -1.66593605e+03  3.02731957e+02 
 2.95120923e+05 -1.66334295e+03  3.09404041e+02 
 3.01995172e+05 -1.66063297e+03  3.16205138e+02 
 3.09029543e+05 -1.65780109e+03  3.23136454e+02 
 3.16227766e+05 -1.65484211e+03  3.30199104e+02 
 3.23593657e+05 -1.65175063e+03  3.37394102e+02 
 3.31131121e+05 -1.64852106e+03  3.44722354e+02 
 3.38844156e+05 -1.64514760e+03  3.52184645e+02 
 3.46736850e+05 -1.64162424e+03  3.59781630e+02 
 3.54813389e+05 -1.63794476e+03  3.67513820e+02 
 3.63078055e+05 -1.63410272e+03  3.75381568e+02 
 3.71535229e+05 -1.63009145e+03  3.83385061e+02 
 3.80189396e+05 -1.62590409e+03  3.91524299e+02 
 3.89045145e+05 -1.62153352e+03  3.99799088e+02 
 3.98107171e+05 -1.61697240e+03  4.08209017e+02 
 4.07380278e+05 -1.61221317e+03  4.16753445e+02 
 4.16869383e+05 -1.60724803e+03  4.25431484e+02 
 4.26579519e+05 -1.60206896e+03  4.34241979e+02 
 4.36515832e+05 -1.59666769e+03  4.43183492e+02 
 4.46683592e+05 -1.59103574e+03  4.52254278e+02 
 4.57088190e+05 -1.58516440e+03  4.61452269e+02 
 4.67735141e+05 -1.57904473e+03  4.70775048e+02 
 4.78630092e+05 -1.57266757e+03  4.80219830e+02 
 4.89778819e+05 -1.56602357e+03  4.89783436e+02 
 5.01187234e+05 -1.55910314e+03  4.99462273e+02 
 5.12861384e+05 -1.55189654e+03  5.09252303e+02 
 5.24807460e+05 -1.54439380e+03  5.19149025e+02 
 5.37031796e+05 -1.53658482e+03  5.29147444e+02 
 5.49540874e+05 -1.52845931e+03  5.39242044e+02 
 5.62341325e+05 -1.52000687e+03  5.49426766e+02 
 5.75439937e+05 -1.51121695e+03  5.59694975e+02 
 5.88843655e+05 -1.50207894e+03  5.70039434e+02 
 6.02559586e+05 -1.49258213e+03  5.80452280e+02 
 6.16595002e+05 -1.48271577e+03  5.90924989e+02 
 6.30957344e+05 -1.47246909e+03  6.01448356e+02 
 6.45654229e+05 -1.46183134e+03  6.12012462e+02 
 6.60693448e+05 -1.45079184e+03  6.22606652e+02 
 6.76082975e+05 -1.43933999e+03  6.33219507e+02 
 6.91830971e+05 -1.42746533e+03  6.43838821e+02 
 7.07945784e+05 -1.41515758e+03  6.54451577e+02 
 7.24435960e+05 -1.40240671e+03  6.65043928e+02 
 7.41310241e+05 -1.38920297e+03  6.75601176e+02 
 7.58577575e+05 -1.37553696e+03  6.86107758e+02 
 7.76247117e+05 -1.36139970e+03  6.96547230e+02 
 7.94328235e+05 -1.34678268e+03  7.06902261e+02 
 8.12830516e+05 -1.33167796e+03  7.17154625e+02 
 8.31763771e+05 -1.31607820e+03  7.27285198e+02 
 8.51138038e+05 -1.29997676e+03  7.37273965e+02 
 8.70963590e+05 -1.28336782e+03  7.47100025e+02 
 8.91250938e+05 -1.26624638e+03  7.56741610e+02 
 9.12010839e+05 -1.24860842e+03  7.66176102e+02 
 9.33254301e+05 -1.23045097e+03  7.75380064e+02 
 9.54992586e+05 -1.21177219e+03  7.84329274e+02 
 9.77237221e+05 -1.19257148e+03  7.92998771e+02 
 1.00000000e+06 -1.17284955e+03  8.01362906e+02 
