Optimiser DataOutputFile 
Itn (U),FValue,w2,w3,w4,l1,l2,l3,d1
1, 0.435005, 1.500000,10.000000,10.000000,500.000000,200.000000,500.000000, 5.000000
2, 0.437967, 1.541145, 9.974881,10.000000,500.000000,200.000446,499.999957, 5.044546
3, 0.443338, 1.567483, 9.913482,10.000000,500.000000,200.000852,499.999874, 5.104638
4, 0.455895, 1.727697, 9.699929,10.072104,500.000001,200.002634,499.999418, 5.385150
5, 0.461916, 1.912604, 9.551848,10.000000,500.000008,200.011769,499.997905, 5.541488
6, 0.458643, 2.019304, 9.464217,10.016141,500.000016,200.015441,499.996285, 5.626171
7, 0.461886, 1.922755, 9.543511,10.001536,500.000009,200.012118,499.997750, 5.549544
8, 0.461946, 1.914707, 9.550121,10.000318,500.000008,200.011841,499.997873, 5.543157
9, 0.416893, 3.169976, 8.606398,10.120877,500.000113,200.059515,499.976916, 6.375034
10, 0.459221, 2.013751, 9.475659,10.009831,500.000017,200.015603,499.996219, 5.608795
11, 0.461897, 1.923229, 9.543714,10.001137,500.000009,200.012165,499.997730, 5.548805
12, 0.461974, 1.916197, 9.549001,10.000461,500.000009,200.011898,499.997848, 5.544145
13, 0.462230, 1.913845, 9.547148,10.018570,500.000009,200.011290,499.997696, 5.544233
14, 0.463329, 1.904435, 9.539738,10.091004,500.000012,200.008861,499.997089, 5.544585
15, 0.462893, 1.914557, 9.553107,10.077025,500.000014,200.010165,499.996786, 5.541972
16, 0.463355, 1.905575, 9.541244,10.089429,500.000013,200.009008,499.997055, 5.544291
17, 0.463365, 1.907607, 9.541743,10.101630,500.000014,200.008898,499.996820, 5.544637
